            0
            1
            2
            3
            4
            5
            6
            7
            8
            9
           10
           11
           12
           13
           14
           15
           16
           17
           18
           19
           20
           21
           22
           23
           24
           25
           26
           27
           28
           29
           30
           31
           32
           33
           34
           35
           36
           37
           38
           39
           40
           41
           42
           43
           44
           45
           46
           47
           48
           49
           50
           51
           52
           53
           54
           55
           56
           57
           58
           59
           60
           61
           62
           63
           64
           65
           66
           67
           68
           69
           70
           71
           72
           73
           74
           75
           76
           77
           78
           79
           80
           81
           82
           83
           84
           85
           86
           87
           88
           89
           90
           91
           92
-4.48298e+00
5.09419e-02
4.79867e-02
4.95835e-02
4.43604e-02
4.89396e-02
4.87732e-02
4.78259e-02
4.82463e-02
4.93701e-02
4.96393e-02
4.91672e-02
4.93105e-02
4.73320e-02
4.82164e-02
4.87626e-02
4.91143e-02
4.92750e-02
5.05989e-02
5.06673e-02
4.93679e-02
4.70538e-02
4.98761e-02
5.01299e-02
5.08021e-02
5.07805e-02
4.51747e-02
5.05914e-02
5.03071e-02
4.81798e-02
5.09232e-02
4.97802e-02
5.06366e-02
5.08689e-02
5.02162e-02
4.92728e-02
6.38916e-02
3.32378e-02
8.04727e-02
7.43347e-02
5.42756e-02
-2.76686e-02
3.56111e-02
4.41838e-02
3.36566e-02
4.27035e-02
6.43841e-02
1.41758e-02
4.36475e-03
2.43667e-02
8.59925e-03
3.93830e-02
1.66283e-02
3.55628e-02
-2.27494e-02
9.98200e-03
4.24781e-02
1.29157e-01
1.37103e-01
9.87598e-02
7.30348e-02
8.38793e-02
6.67573e-02
8.32439e-02
-1.89185e-02
4.97941e-03
8.58832e-02
-1.75768e-02
7.92226e-02
3.36095e-02
7.01605e-02
5.79761e-02
8.10982e-02
4.37884e-03
2.74396e-02
5.43514e-02
4.43068e-02
1.41513e-01
1.22578e-01
8.27328e-02
3.59452e-02
4.31221e-02
1.22559e-01
1.31062e-01
9.72257e-02
2.70341e-02
2.82805e-02
-1.56827e-02
-3.10874e-02
-1.32854e-02
5.65729e-04
6.05241e-02
7.71019e-02
