            0
            1
            2
            3
            4
            5
            6
            7
            8
            9
           10
           11
           12
           13
           14
           15
           16
           17
           18
           19
           20
           21
           22
           23
           24
           25
           26
           27
           28
           29
           30
           31
           32
           33
           34
           35
           36
           37
           38
           39
           40
           41
           42
           43
           44
           45
           46
           47
           48
           49
           50
           51
           52
           53
           54
           55
           56
           57
           58
           59
           60
           61
           62
           63
           64
           65
           66
           67
           68
           69
           70
           71
           72
           73
           74
           75
           76
           77
           78
           79
           80
           81
           82
           83
           84
           85
           86
           87
           88
           89
           90
           91
           92
-4.49851e+00
4.86007e-02
4.68538e-02
4.89286e-02
4.24333e-02
4.77543e-02
4.76010e-02
4.65196e-02
4.65834e-02
4.82356e-02
4.85489e-02
4.78926e-02
4.80358e-02
4.55024e-02
4.65029e-02
4.73976e-02
4.81666e-02
4.82662e-02
4.80005e-02
4.82323e-02
4.69044e-02
4.48654e-02
4.72830e-02
4.76928e-02
4.85696e-02
4.86183e-02
4.32172e-02
4.81025e-02
4.77873e-02
4.57967e-02
4.83667e-02
4.71383e-02
4.79277e-02
4.82902e-02
4.77048e-02
4.67766e-02
6.56750e-02
3.31642e-02
8.15971e-02
7.40185e-02
5.37356e-02
-2.76828e-02
3.30246e-02
4.08866e-02
3.16683e-02
3.94287e-02
6.53958e-02
1.40298e-02
4.03383e-03
2.42828e-02
8.18704e-03
3.91174e-02
1.67169e-02
3.61656e-02
-2.26248e-02
8.77393e-03
4.61398e-02
1.36411e-01
1.39890e-01
1.03479e-01
7.72333e-02
8.62747e-02
6.83487e-02
8.46787e-02
-1.77391e-02
6.44720e-03
8.85042e-02
-1.69853e-02
8.06177e-02
3.53495e-02
7.33051e-02
5.92046e-02
8.40650e-02
5.75524e-03
2.85846e-02
5.62269e-02
4.62937e-02
1.47212e-01
1.27639e-01
8.40313e-02
3.79504e-02
4.42412e-02
1.28518e-01
1.37600e-01
1.03297e-01
2.84197e-02
2.88299e-02
-1.53762e-02
-3.07872e-02
-1.28006e-02
8.58042e-04
6.19380e-02
8.01609e-02
